# The dictionary the pattern_recognition example recognises against.
# Generated by graphics/make_patterns.py -- edit that, not this.
#
# Syntax: "NAME" KIND CORRECTION SIZE | x,y x,y | x,y x,y |
# Kind 1 is a digit, kind 2 is a gesture. Lines sharing a name share
# a code, which is how a shape gets one prototype per way of drawing
# it -- see the two entries for 1 and for 5.

"0" 1 0 64 | 32,2 38,3 44,8 48,14 51,23 52,32 51,41 48,50 44,56 38,61 32,62 26,61 20,56 16,50 13,41 12,32 13,23 16,14 20,8 26,3 32,2 |
"1" 1 0 64 | 32,3 32,17 32,32 32,46 32,60 |
"1" 1 0 64 | 20,12 23,10 26,8 29,5 32,3 32,17 32,32 32,46 32,60 |
"2" 1 0 64 | 16,12 19,8 24,5 29,3 34,3 39,4 44,7 47,11 49,15 49,20 47,25 38,34 28,42 18,51 8,60 20,60 32,60 44,60 56,60 |
"3" 1 0 64 | 17,9 21,4 27,2 34,1 41,3 45,7 48,13 47,19 44,24 39,28 32,29 32,28 38,29 43,32 47,36 50,41 50,46 48,51 45,55 40,59 34,60 28,60 22,57 18,54 |
"4" 1 0 64 | 40,3 32,13 23,22 14,32 6,42 19,42 32,42 45,42 58,42 | 40,20 40,30 40,40 40,50 40,60 |
"5" 1 0 64 | 52,4 44,4 35,4 26,4 18,4 17,11 16,18 14,24 13,31 13,36 18,31 25,28 33,27 40,30 46,35 49,41 48,48 45,54 39,59 32,61 24,60 18,57 |
"6" 1 0 64 | 48,5 40,12 31,20 22,27 14,34 16,36 21,31 29,29 36,30 42,34 46,40 47,47 44,54 39,59 31,61 24,60 18,56 14,50 13,43 16,36 |
"7" 1 0 64 | 6,5 18,5 31,5 44,5 56,5 48,19 40,32 32,46 24,60 |
"8" 1 0 64 | 32,2 40,4 45,9 47,16 45,23 40,28 32,30 25,28 19,23 17,16 19,9 24,4 32,2 32,28 24,30 17,34 13,41 13,49 17,56 24,60 32,62 40,60 47,56 51,49 51,41 47,34 40,30 32,28 |
"9" 1 0 64 | 52,18 50,26 44,31 36,33 28,31 22,26 20,18 22,10 28,5 36,3 44,5 50,10 52,18 46,28 41,39 36,50 30,60 |
"up" 2 0 64 | 6,52 12,40 19,29 26,18 32,6 38,18 45,29 52,40 58,52 |
"down" 2 0 64 | 6,12 12,24 19,35 26,46 32,58 38,46 45,35 52,24 58,12 |
"left" 2 0 64 | 52,6 40,12 29,19 18,26 6,32 18,38 29,45 40,52 52,58 |
"right" 2 0 64 | 12,6 24,12 35,19 46,26 58,32 46,38 35,45 24,52 12,58 |
"check" 2 0 64 | 6,34 10,40 15,45 20,50 24,56 32,44 41,31 50,18 58,6 |
"loop" 2 0 64 | 32,58 24,57 17,53 11,47 7,40 6,32 7,24 11,17 17,11 24,7 32,6 40,7 47,11 53,17 57,24 58,32 57,40 53,47 47,53 40,57 32,58 |
"T" 2 0 64 | 4,8 18,8 32,8 46,8 60,8 | 32,8 32,21 32,34 32,47 32,60 |
"+" 2 0 64 | 4,32 18,32 32,32 46,32 60,32 | 32,4 32,18 32,32 32,46 32,60 |
"X" 2 0 64 | 5,5 18,18 32,32 46,46 59,59 | 59,5 46,18 32,32 18,46 5,59 |
